102.426430 115.430557 92.825089 
102.083893 114.991669 92.533318 
102.340919 115.070679 92.780190 
102.244316 114.855415 92.685379 
102.310219 115.031242 92.693611 
102.189926 114.997574 92.612709 
102.344315 115.201424 92.576355 
102.411018 115.306007 92.802635 
102.330368 115.253090 92.738808 
102.458908 115.586494 92.908020 
102.373505 115.397217 92.762009 
102.185150 115.187309 92.519981 
102.442680 115.142448 92.707520 
102.163200 114.673988 92.629128 
102.340401 115.033905 92.570824 
102.227501 114.915184 92.455040 
102.365280 114.976463 92.728294 
102.351036 115.118492 92.720123 
102.159477 115.001595 92.539581 
102.259956 115.245567 92.698807 
102.259285 115.285301 92.533112 
102.529297 115.604317 92.882538 
102.119202 115.178703 92.611771 
102.254745 115.145447 92.669739 
102.236984 114.875206 92.609093 
102.422516 114.998199 92.524651 
102.654556 115.118935 92.681465 
102.306953 115.040482 92.542175 
102.635101 115.217316 92.708443 
102.363159 115.130386 92.499374 
102.475853 115.485886 92.827835 
102.447601 115.410515 92.672523 
102.802391 115.836021 92.596611 
102.496208 115.467201 92.492439 
102.393448 115.263939 92.556145 
102.477867 115.285088 92.701256 
102.315285 115.061302 92.556503 
102.343033 115.233505 92.601990 
102.286049 115.225067 92.684883 
102.320610 115.179016 92.705322 
102.477173 115.408920 92.540527 
102.321114 115.422325 92.586098 
102.454346 115.477234 92.724106 
102.596230 115.676628 92.840355 
102.337067 115.339920 92.650307 
102.345924 115.303497 92.639122 
102.395767 115.167961 92.496353 
102.114532 114.952126 92.362389 
102.356377 115.152924 92.522049 
102.231354 115.019707 92.307686 
102.108185 114.972000 92.485611 
102.406555 115.266701 92.726181 
102.250328 115.255417 92.596611 
102.456505 115.582909 92.606033 
102.076294 115.319038 92.596924 
102.130196 115.186531 92.551537 
102.143417 115.036148 92.638008 
102.032669 114.774742 92.181175 
102.324944 114.982513 92.468918 
102.346657 114.886574 92.543793 
101.951431 114.746704 92.312691 
102.206657 115.044296 92.478348 
102.216988 115.040527 92.564003 
102.260651 115.099411 92.551140 
102.357986 115.463249 92.592506 
102.107391 115.254265 92.575752 
102.108109 115.163811 92.494576 
102.249634 115.002220 92.473190 
102.018532 114.741783 92.325005 
102.233673 114.836586 92.481003 
101.886345 114.734070 92.207794 
102.164253 114.827682 92.433044 
102.342804 115.011620 92.549652 
101.974281 115.046112 92.315521 
102.247871 115.253380 92.397446 
102.313278 115.408920 92.577805 
102.176064 115.465317 92.370285 
102.357948 115.605110 92.652565 
102.177467 115.240608 92.312737 
102.174385 114.932899 92.301445 
102.189217 115.017403 92.335793 
102.156776 115.053505 92.529442 
101.919998 114.892189 92.301903 
102.241676 115.148689 92.588753 
102.258034 115.222931 92.435562 
102.055038 115.178741 92.399246 
102.354553 115.367668 92.548439 
102.318893 115.447098 92.550934 
102.300339 115.460564 92.662704 
102.366470 115.625862 92.727707 
102.384567 115.330849 92.684059 
102.074913 115.150032 92.325363 
102.224190 115.113655 92.449028 
102.126427 115.013824 92.427437 
102.261421 115.090515 92.563393 
102.198387 115.223495 92.501129 
102.101463 115.196541 92.356400 
102.147957 115.318535 92.481949 
102.389404 115.551811 92.622093 
102.171501 115.552841 92.661972 
102.271812 115.416939 92.761131 
102.146912 115.289528 92.552605 
102.003769 114.913986 92.306137 
102.403145 115.270470 92.699768 
102.294136 115.211746 92.279724 
102.144127 115.189194 92.220314 
102.393700 115.281212 92.560966 
102.288101 115.382767 92.503517 
102.160484 115.284691 92.421280 
102.355537 115.575874 92.554451 
102.215622 115.659058 92.637657 
102.528862 115.785027 92.587166 
102.169548 115.382973 92.449234 
102.237778 115.253426 92.608437 
102.309532 115.129700 92.602493 
102.105721 114.916626 92.411224 
102.203896 115.142197 92.508316 
102.114929 115.033569 92.532104 
102.103516 115.099144 92.462448 
102.291939 115.242119 92.558929 
102.141403 115.242050 92.375793 
102.297714 115.507874 92.585320 
102.290993 115.560753 92.554008 
102.071350 115.432983 92.502174 
102.305260 115.427643 92.744148 
102.030746 115.119057 92.456459 
102.223015 115.093132 92.522324 
102.065697 115.038391 92.392479 
102.059937 114.822388 92.432312 
102.247101 115.068230 92.464401 
102.024857 114.890411 92.410599 
102.350891 115.085068 92.256943 
102.426598 115.368378 92.642914 
102.182159 115.338806 92.429024 
102.406052 115.637718 92.803856 
102.039665 115.458176 92.365715 
102.168144 115.230888 92.442429 
102.201698 115.114952 92.589111 
101.998055 114.895432 92.224899 
102.202950 115.030327 92.496231 
102.081169 114.884941 92.238617 
102.134636 115.059395 92.406097 
101.980965 115.166702 92.325340 
102.296021 115.258072 92.537193 
102.374237 115.420418 92.498489 
102.248314 115.428146 92.482788 
102.307518 115.374283 92.550972 
101.960922 115.125633 92.230301 
102.196228 114.993279 92.477005 
101.893257 114.779099 92.299416 
102.084541 114.943893 92.276794 
101.938637 114.783371 92.232521 
102.098076 114.859642 92.232399 
102.075981 115.009804 92.403625 
101.895752 114.952019 92.131393 
102.147934 115.217804 92.549171 
102.057152 115.231224 92.361382 
102.093506 115.038513 92.320480 
101.844986 114.860695 92.429779 
101.991142 114.735039 91.915245 
102.146744 114.691246 92.241211 
101.942009 114.617615 92.212944 
102.128395 114.757553 92.377655 
101.978363 114.702766 92.173798 
101.837929 114.849129 92.192253 
102.073967 115.018013 92.157196 
101.993172 115.108353 92.201149 
102.131538 115.355560 92.383705 
101.972778 115.202286 92.234154 
102.137993 115.222641 92.361801 
101.951477 115.050995 92.272583 
101.862823 114.648941 92.071564 
101.966431 114.726410 92.089989 
101.816101 114.612503 92.031326 
102.028542 114.745003 92.237633 
101.808273 114.687752 91.996185 
102.050911 114.949005 92.221970 
101.851852 114.801674 92.166893 
101.956818 115.120018 92.278412 
101.739731 115.048378 92.123772 
102.038719 115.346992 92.219414 
101.971390 115.217735 92.164482 
101.922241 115.041840 92.281822 
101.759140 114.815872 92.207687 
101.885109 114.670265 92.168648 
101.893211 114.756607 92.235390 
101.736984 114.662491 92.078430 
101.927208 114.807266 92.262726 
101.702202 114.857758 92.075264 
102.019035 115.081802 92.430115 
101.831520 115.166199 92.157990 
102.239899 115.451180 92.575500 
101.975456 115.108879 92.130638 
102.112816 115.148186 92.361694 
101.818535 114.693573 92.105904 
101.897568 114.722031 92.044731 
101.735352 114.613426 92.012421 
101.888275 114.831642 92.193359 
101.599770 114.686432 92.019287 
101.990303 114.910034 92.235748 
101.749840 114.831772 92.106117 
102.020317 115.083122 92.353714 
101.978157 115.200897 92.305840 
101.870201 114.943871 92.350410 
101.906807 114.698517 92.116333 
101.679604 114.416939 92.026535 
101.813965 114.522598 92.145592 
101.652588 114.343605 92.063873 
101.814720 114.472122 92.078407 
101.656044 114.221527 92.114182 
101.859352 114.516464 92.191307 
101.828751 114.565590 91.667709 
101.968987 114.665009 92.016212 
101.872772 114.800499 92.031746 
101.798447 114.558594 92.091438 
101.609406 114.309029 92.017464 
101.655037 113.981468 91.894470 
101.823181 114.118073 92.101280 
101.540901 113.827393 91.757927 
101.580673 113.909676 91.675644 
101.792587 114.130264 91.830093 
101.678116 114.049301 91.782265 
101.737595 114.292458 92.152939 
101.736900 114.427269 91.983185 
101.829842 114.404625 91.980858 
101.887772 114.383247 92.133553 
101.511040 114.038322 91.886406 
101.728378 113.782135 91.930977 
101.530807 113.637070 91.726929 
101.345276 113.564270 91.816231 
101.625130 113.663307 91.838997 
101.530891 113.617699 91.778473 
101.812714 113.997444 91.950073 
101.891663 114.111832 91.820442 
101.636879 114.042007 91.767395 
101.772881 114.381279 92.006348 
101.614616 114.155975 91.883522 
101.644104 113.913673 91.791687 
101.590576 113.759453 91.779724 
101.504715 113.504837 91.574532 
101.824799 113.791435 91.707954 
101.695099 113.702782 91.753716 
101.570366 113.630325 91.546600 
101.754761 113.860336 91.872147 
101.762405 113.924858 91.910660 
101.741051 114.094322 91.999161 
101.980232 114.263771 92.126244 
101.662971 113.886070 91.934929 
101.604881 113.585045 91.830475 
101.613113 113.587646 91.855331 
101.623390 113.612648 91.837067 
101.570473 113.527122 91.713547 
101.876587 113.835228 92.085655 
101.640419 113.744438 91.898682 
101.892479 113.826576 91.862679 
101.806908 114.013130 92.010284 
101.615768 113.940399 91.944084 
101.717133 113.780899 91.899475 
101.669655 113.513718 91.884125 
101.530891 113.213066 91.559830 
101.634132 113.450829 91.806702 
101.734512 113.461945 91.882385 
101.837509 113.495224 91.449989 
101.892883 113.625595 91.770576 
101.644066 113.712044 91.807205 
101.675789 113.731667 91.794426 
102.044083 114.075310 91.949028 
101.924835 113.867516 91.862679 
101.483955 113.428421 91.593590 
101.646637 113.409233 91.710136 
101.591270 113.247055 91.570473 
101.618515 113.190994 91.628693 
101.622284 113.424797 91.636292 
101.733383 113.485756 91.546532 
101.519623 113.490013 91.622932 
101.716690 113.566826 91.738426 
101.876732 113.876648 91.832062 
101.859100 113.892693 91.873383 
101.574516 113.621132 91.723976 
101.780670 113.394051 91.559769 
101.607246 113.214600 91.434349 
101.642494 113.116417 91.344818 
101.587250 113.057213 91.466034 
101.628586 113.376587 91.654785 
101.605652 113.379204 91.582489 
101.755981 113.626389 91.396126 
101.827248 113.736290 91.456963 
101.691978 113.729736 91.541298 
101.730934 113.639687 91.633446 
101.894028 113.521988 91.619873 
101.566284 113.270889 91.415222 
101.681129 113.249191 91.588715 
101.696754 113.346657 91.499374 
101.884666 113.437065 91.475143 
101.891663 113.403854 91.235374 
101.552170 113.459183 91.358887 
101.720291 113.605736 91.380020 
101.853737 113.886513 91.717300 
101.678909 113.647163 91.475563 
101.445572 113.373131 91.239792 
101.513428 113.146347 91.086594 
101.622154 113.333443 91.345573 
101.900230 113.484818 91.496841 
101.610657 113.257111 91.451668 
101.584373 113.379311 91.433762 
101.874641 113.721588 91.756882 
101.947815 113.956627 91.931396 
101.600960 114.065109 91.713173 
101.736816 114.192123 91.831871 
101.896736 114.165924 91.725319 
101.884773 114.026657 91.841026 
101.550117 113.505547 91.556732 
101.558472 113.372353 91.413864 
101.717316 113.537048 91.493065 
101.738342 113.622787 91.723686 
101.865929 113.738678 91.738953 
101.800400 113.854866 91.692436 
101.748421 113.862053 91.679161 
101.581421 113.953903 91.553085 
102.016777 114.320984 91.984856 
102.036148 114.289131 91.809258 
101.844818 114.054993 91.819710 
101.695557 113.829277 91.769882 
101.789131 113.674950 91.500648 
101.834534 113.744919 91.415436 
101.693153 113.701485 91.403038 
101.546867 113.711327 91.402702 
101.685280 113.897842 91.386703 
101.796692 113.870239 91.395729 
101.938240 114.087914 91.594719 
101.928986 114.189072 91.537071 
101.630890 114.080925 91.666893 
101.599686 113.883850 91.463829 
101.521698 113.843185 91.423431 
101.362663 113.506447 91.264023 
101.492729 113.677170 91.348541 
101.630684 113.726410 91.508736 
101.701591 113.783096 91.450157 
101.702950 114.049484 91.684250 
101.942886 114.130447 91.728149 
101.867813 114.285736 91.717819 
101.646538 114.196144 91.555626 
101.654594 114.041466 91.675583 
101.793678 113.919540 91.605003 
101.741150 113.929504 91.577026 
101.807877 113.948883 91.720337 
101.764946 114.127602 91.707352 
101.904228 114.199287 91.512817 
101.869972 114.089844 91.343643 
101.963097 114.267494 91.584358 
101.787437 114.232437 91.673279 
101.843437 114.127144 91.816963 
101.750031 113.903374 91.574196 
101.591751 113.760101 91.594116 
101.739960 113.816505 91.710007 
101.807495 113.914238 91.708191 
101.746071 113.879745 91.849174 
101.581612 113.983078 91.693657 
101.660187 114.070175 91.779228 
101.770683 114.132332 91.761024 
101.745399 114.028709 91.874321 
101.608002 113.883789 91.668861 
101.699936 113.738510 91.833717 
101.738327 113.657196 91.612541 
101.712296 113.727249 91.707474 
101.633362 113.782364 91.692276 
101.566620 113.871185 91.646492 
101.567642 113.988647 91.696358 
101.819542 114.131226 91.635773 
101.760757 114.290810 91.881546 
101.726891 114.057091 91.978767 
101.775459 113.980103 91.901024 
101.620209 113.622009 91.708542 
101.568192 113.624275 91.653152 
101.720985 113.608734 91.680107 
101.675186 113.690094 91.626411 
101.489464 113.773109 91.650803 
101.818619 113.933365 91.478722 
101.818321 113.943748 91.394783 
101.744377 114.166489 91.609718 
101.870346 114.330620 91.632820 
101.660545 114.298553 91.708794 
101.576920 113.934494 91.546280 
101.598824 113.840462 91.776878 
101.730621 113.854240 91.648773 
101.738846 113.881615 91.609863 
101.776398 113.910576 91.591896 
101.729446 114.002808 91.721260 
101.773697 114.092003 91.795624 
101.914070 114.336754 91.779808 
101.772713 114.354301 91.975288 
101.931496 114.576965 91.904396 
101.943352 114.652733 91.882469 
101.773155 114.338013 91.869110 
101.614639 114.165131 91.553421 
101.655647 114.040817 91.699829 
101.546600 114.085693 91.632881 
101.661804 114.061737 91.621384 
101.708252 114.100334 91.662827 
101.913071 114.289299 91.479202 
101.882996 114.394615 91.666405 
101.816399 114.445801 91.878426 
101.889824 114.724129 91.868607 
102.190010 114.858788 92.077049 
102.066971 114.596107 91.805908 
102.043457 114.273323 91.680275 
101.911812 114.251541 91.752708 
101.793488 114.142639 91.753761 
101.843033 114.181427 91.593529 
101.610931 114.087997 91.493279 
101.759872 114.067703 91.699226 
101.720001 114.330368 91.567039 
101.857574 114.593697 91.863602 
101.920921 114.869675 91.827621 
101.802032 114.530930 91.771271 
101.497696 113.992188 91.393044 
101.399727 113.743835 91.201279 
101.605385 113.815521 91.327812 
101.548546 113.747620 91.516167 
101.540253 113.947960 91.511955 
101.426369 113.895370 91.410744 
101.492378 113.892960 91.636292 
101.863037 114.250595 91.366974 
101.971268 114.507332 91.650093 
101.943184 114.650642 91.864380 
101.859787 114.510201 91.825150 
101.844353 114.313507 91.706642 
101.708275 114.071892 91.753426 
101.623543 114.012230 91.692169 
101.678558 114.012733 91.557007 
101.802887 114.180504 91.680229 
101.749275 114.130806 91.664818 
102.022537 114.612373 91.937279 
102.023369 114.712189 91.925652 
102.164757 114.758553 92.121193 
102.155975 114.870872 91.846870 
102.232986 114.910538 91.599625 
102.127975 114.802010 91.873802 
102.168961 114.714661 91.885071 
101.902908 114.487663 91.963562 
101.966202 114.527054 92.007202 
102.029236 114.610680 91.855370 
101.992149 114.639061 91.972252 
102.145149 114.892670 92.032730 
101.954384 114.919266 92.002281 
102.173553 115.200417 92.057510 
102.170677 115.095039 92.054344 
102.044525 114.922913 91.947899 
102.138992 114.747871 92.037819 
102.070160 114.629570 92.093109 
102.090324 114.688751 91.925926 
