124.254868 132.952362 118.550240 
124.425949 132.966171 118.380249 
124.199585 132.873779 118.370720 
123.643913 132.526810 117.779686 
124.785049 133.307266 118.234810 
124.633423 132.991180 117.982574 
124.616730 132.896545 118.359375 
124.712921 132.999054 118.591164 
124.870934 133.136734 118.709549 
124.836731 133.291687 118.797737 
125.167122 133.369904 118.749275 
125.051033 133.462784 118.748444 
125.170113 133.698959 118.859474 
125.252060 133.923477 119.030075 
125.024292 133.826721 119.099831 
125.161591 134.150436 119.273804 
125.284332 134.126556 119.267265 
125.100876 133.772110 119.042557 
125.192627 133.735352 119.103333 
125.812798 133.944183 118.982452 
125.833824 133.906464 118.847038 
125.428314 133.688583 118.843369 
125.093422 133.605606 118.964043 
124.896858 133.485321 118.799416 
124.957237 133.518555 118.794868 
125.006012 133.732727 118.694138 
125.061569 133.712173 118.691521 
124.729927 133.618408 118.515709 
124.628082 133.538559 118.440941 
124.422806 132.957718 118.258217 
124.338951 132.840149 118.096817 
124.424568 132.775681 118.088150 
124.021301 132.514175 117.955833 
124.186218 132.628937 117.933632 
124.388901 132.785675 118.360001 
124.339706 132.955734 118.279831 
124.619186 133.153839 118.447411 
124.522598 133.240570 118.210197 
124.278740 133.242874 118.235329 
124.515289 133.468643 118.258705 
124.252960 133.140442 118.082642 
124.171013 132.956039 118.057129 
124.332687 132.970428 118.175812 
124.322426 132.771957 117.963898 
125.063873 133.168442 117.964272 
124.715752 132.737427 117.264397 
124.370010 132.386093 116.916733 
124.443306 132.332352 116.973740 
124.118889 132.269028 116.809654 
124.306198 132.460098 116.927605 
124.138222 132.386887 116.568901 
124.265678 132.527954 116.626785 
124.299812 132.827850 116.841949 
124.288757 132.758408 116.626808 
124.412209 132.714844 116.921295 
124.263725 132.443039 116.667625 
124.147499 132.170227 116.648170 
124.332855 132.292267 116.689903 
124.177238 132.025116 116.598244 
124.373238 132.294006 116.766510 
124.213463 132.184692 116.666283 
124.490555 132.567307 116.722031 
124.360229 132.509613 116.855766 
124.387436 132.785614 116.859222 
124.525444 132.777542 116.954094 
124.463646 132.910553 117.072876 
124.764526 133.426758 117.397568 
124.694992 133.338364 117.451103 
124.952988 133.403625 117.663811 
124.753906 133.095337 117.480988 
125.076187 133.095764 117.623856 
125.065987 133.076416 117.484962 
124.821991 133.065994 117.323433 
124.887245 132.960037 117.405174 
124.979683 133.021194 117.429504 
124.871185 133.073883 117.394936 
124.806389 133.166489 117.372147 
124.978134 133.278976 117.513153 
124.699600 133.106415 117.211479 
124.849113 133.367142 117.505547 
124.712860 133.495911 117.309151 
125.089172 133.854507 117.734764 
125.121338 133.796570 117.612709 
125.267960 133.716309 117.892357 
124.909798 133.191772 117.695229 
125.155037 133.343979 117.828461 
124.830765 132.947998 117.563873 
125.138222 132.964172 117.396881 
124.823494 132.847061 117.340668 
125.090912 133.389297 117.848289 
124.822052 133.178391 117.801781 
124.746574 133.318527 118.245949 
124.368988 133.337280 118.175117 
124.682701 133.717209 118.606766 
124.487144 133.791306 118.845802 
124.972504 134.005569 118.803619 
124.563599 133.652649 118.649300 
124.719437 133.598907 118.829971 
124.263519 133.240021 118.447960 
124.418030 133.263535 118.550346 
124.425735 133.013382 118.435333 
124.495667 133.169327 118.359016 
124.194763 132.950821 118.320023 
124.577148 133.466156 118.550011 
124.317741 133.345428 118.550240 
124.461006 133.416245 118.522240 
124.011185 133.202408 118.044922 
123.885658 133.214111 118.139458 
123.718010 133.137863 118.032211 
123.882095 133.244644 118.161026 
124.017799 133.332230 118.187981 
123.918427 133.154724 118.233902 
123.844208 132.966324 118.144333 
123.593216 132.690643 117.995667 
123.894493 132.825043 118.052017 
123.717972 132.534653 117.887497 
123.788254 132.652069 118.103561 
124.012939 132.800476 118.041908 
123.857254 132.824692 118.049530 
124.170998 133.055847 118.109924 
123.796837 132.853378 117.879913 
123.887894 133.072922 118.135895 
123.688271 133.004028 117.936440 
123.818474 133.275284 117.816208 
123.590599 133.155197 117.783623 
123.787247 133.217361 118.028061 
123.587578 132.976089 117.795540 
123.512123 132.769028 117.745483 
123.525169 132.726624 117.687431 
123.478493 132.695877 117.580925 
123.763710 132.640884 117.641678 
124.233322 132.907333 117.512192 
124.588585 133.271179 117.585403 
124.510094 133.371735 117.475227 
124.578850 133.453064 117.238930 
124.422600 133.414948 117.229172 
124.538803 133.732758 117.437798 
124.631645 133.890869 117.535141 
125.078552 134.161819 117.877007 
124.981003 134.145279 117.765800 
125.050682 133.998383 117.897301 
125.091682 133.711472 117.778473 
124.726112 133.651016 117.688164 
124.895813 133.698853 117.717194 
124.896545 133.396698 117.751099 
124.949844 133.743851 117.862785 
124.888527 133.612061 117.664207 
125.017761 133.902451 117.862175 
124.779015 133.720749 117.702263 
124.868690 133.797775 117.806259 
124.716881 133.820267 117.568626 
124.880585 133.996002 117.739769 
124.865761 134.158539 117.936897 
124.641739 133.756210 117.745674 
124.985382 133.734451 117.889191 
124.782074 133.426102 117.635979 
124.785759 133.405426 117.696190 
124.604652 133.149536 117.580841 
124.573715 133.083115 117.267204 
124.655373 133.178055 117.471581 
124.563286 132.983307 117.239731 
124.447983 132.947937 117.260963 
124.500900 133.026611 117.300941 
124.278473 133.001404 117.250282 
124.622490 133.337723 117.352882 
124.362343 133.237259 117.248459 
124.647163 133.375565 117.466621 
124.565506 132.975830 117.309196 
124.444710 132.769745 117.142365 
124.463310 132.809570 117.058014 
124.247475 132.674515 117.137108 
124.405151 132.868866 117.230850 
124.680145 132.882385 117.353401 
124.426620 132.793198 117.176399 
124.634155 132.967377 117.403542 
124.649864 133.127289 117.324249 
124.611938 133.243301 117.283165 
124.737862 133.159912 117.485863 
124.854034 133.037003 117.398994 
124.890930 132.775848 117.617424 
124.930428 132.799057 117.473358 
124.966385 132.870026 117.478096 
124.911751 132.641296 117.391663 
124.956276 132.694016 117.377945 
124.690681 132.751205 117.179726 
124.902679 132.732529 117.502846 
125.151772 133.121033 117.515076 
125.170578 133.154541 117.617844 
125.026741 133.388885 117.749298 
125.273338 133.311188 117.755981 
125.072777 133.054199 117.721718 
124.914406 132.697159 117.500252 
125.120422 132.738800 117.604523 
124.937988 132.518402 117.687332 
124.964378 132.353302 117.222488 
125.100586 132.450638 117.432190 
125.064064 132.541367 117.733276 
125.133949 132.554428 117.528358 
125.305611 132.719452 117.678070 
125.281464 132.879807 117.773926 
125.174011 132.899597 117.810097 
125.194344 133.009384 117.617630 
125.269005 133.251846 117.798889 
125.182846 132.938873 117.494431 
125.053696 132.646591 117.293320 
125.257050 132.570099 117.642746 
125.084610 132.407349 117.406593 
124.996605 132.103836 117.223145 
125.226097 132.250214 117.437653 
125.242805 132.402893 117.392441 
125.059853 132.357483 117.300880 
125.200165 132.529572 117.416779 
125.277237 132.702133 117.516502 
125.173027 132.734665 117.471519 
125.196442 132.786179 117.545151 
125.291077 133.039917 117.563812 
125.002724 133.016525 117.454597 
125.191872 132.997116 117.533295 
125.339249 132.840393 117.776001 
125.149216 132.483353 117.430367 
125.055122 132.305527 117.349403 
125.105904 132.416611 117.343559 
125.149551 132.324982 117.409760 
124.994934 132.319290 117.277237 
125.208504 132.490173 117.208206 
125.350662 132.908310 117.433945 
125.255058 132.812363 117.381653 
125.169090 132.917511 117.304878 
125.250557 133.011459 117.585548 
125.116440 133.110947 117.493675 
125.058029 133.112228 117.295433 
125.330513 133.070694 117.596939 
125.292709 133.070786 117.652313 
125.196815 132.903854 117.379959 
125.295746 132.967743 117.551247 
125.363731 133.007492 117.558052 
125.316292 133.121628 117.662384 
125.306137 133.078781 117.542305 
125.273926 133.274551 117.749405 
125.506012 133.520523 117.804108 
125.574783 133.639893 117.807709 
125.514595 133.738007 117.810196 
125.383980 133.968567 117.873360 
125.698746 134.092087 118.045128 
125.770279 134.015442 118.135246 
125.588333 133.651535 117.844482 
125.511017 133.630112 117.811516 
125.626930 133.544800 117.884819 
125.620255 133.627899 118.030014 
125.448441 133.407791 117.774994 
125.449883 133.460709 117.915054 
125.716042 133.695786 117.928902 
125.631897 133.767502 118.046364 
125.664734 133.874908 117.902473 
125.673759 133.949081 117.970306 
125.810112 134.204498 118.130615 
125.761360 134.297379 118.264107 
125.746468 134.446976 118.196899 
125.689568 134.163788 118.039665 
125.730324 134.179031 118.181656 
125.807892 134.044571 118.028206 
125.528061 133.596313 117.931557 
125.443832 133.590897 117.847687 
125.644646 133.556274 117.893509 
125.614784 133.603165 118.018013 
125.358032 133.600693 117.809280 
125.637276 133.900421 117.880440 
125.703270 133.848907 118.057358 
125.752708 134.018555 118.112106 
125.514740 133.943039 118.063393 
125.475998 134.051819 117.990761 
125.599075 134.267960 118.188210 
125.461258 134.095795 117.974701 
125.291725 133.914047 117.856255 
125.334595 133.699463 117.932793 
125.510994 133.721252 117.999077 
125.566887 133.751205 117.887665 
125.457779 133.579514 117.809029 
125.396355 133.521301 117.717819 
125.585403 133.934631 118.117134 
125.690742 133.996796 118.057968 
125.512817 133.901901 118.056923 
125.438911 134.022552 117.980400 
125.680565 134.403458 118.376900 
125.751244 134.519684 118.185547 
125.740227 134.268250 118.117088 
125.670074 134.241486 118.200462 
125.785927 134.131638 118.220879 
125.856400 134.074234 118.049698 
125.644188 134.029984 118.019600 
125.613113 133.943420 118.096397 
125.883873 134.010223 118.147850 
125.890030 134.284027 118.193909 
125.808380 134.367523 118.294846 
125.806725 134.425110 118.131035 
125.744186 134.553085 118.056313 
125.952377 134.734024 118.302788 
125.968880 134.947922 118.400291 
125.837090 134.752289 118.413071 
125.794052 134.527252 118.263474 
125.778244 134.406540 118.302971 
125.869904 134.349136 118.289383 
125.932022 134.240601 118.159920 
125.522430 133.758301 117.945358 
125.413467 133.849564 117.930954 
125.562035 133.877701 117.870850 
125.483353 133.918213 118.149574 
125.394600 133.945724 117.851997 
125.535431 134.023346 117.875496 
125.105301 134.015762 117.723145 
125.285759 134.053986 117.672066 
125.264420 134.136444 117.753632 
125.424629 134.089493 117.734680 
125.387711 133.849274 117.730637 
125.189003 133.548447 117.425133 
125.158096 133.482346 117.538574 
125.260902 133.547684 117.717400 
125.387543 133.618530 117.687500 
125.106934 133.663712 117.570663 
125.182030 133.647064 117.543411 
125.375832 133.906113 117.766449 
125.453484 134.045364 117.782784 
125.502090 134.406601 118.175644 
125.865463 134.650558 118.334160 
125.559959 134.258972 118.476044 
125.025635 133.637482 117.900940 
125.420815 134.007431 118.118286 
125.352478 133.884918 118.074013 
125.384354 133.765167 118.348289 
125.035873 133.687943 118.336800 
125.105278 133.902390 118.505714 
125.000122 133.913116 118.650536 
124.967690 134.049698 118.680779 
125.103874 134.191879 118.743584 
125.244415 134.386139 118.730598 
125.246513 134.665298 118.851311 
125.384567 134.655182 118.995834 
125.289925 134.929779 119.000778 
125.177254 134.618256 118.950516 
125.006638 134.372864 118.779709 
125.001884 134.293701 118.759956 
124.881714 134.072067 118.775055 
124.884354 133.998611 118.634071 
124.891098 133.994324 118.676834 
124.923393 134.078674 118.667038 
124.790344 134.169922 118.699120 
124.764778 134.135010 118.545212 
124.762489 134.188141 118.484604 
124.895332 134.236588 118.732819 
124.778557 134.335831 118.646851 
125.131668 134.718430 118.925804 
124.876564 134.812531 118.901840 
125.100082 134.838654 118.918137 
124.969826 134.721191 118.843956 
124.937988 134.550995 118.934914 
124.832001 134.330185 118.818703 
124.901360 134.409912 118.914429 
125.222328 134.454102 118.810051 
124.933006 134.526596 118.806137 
125.090012 134.450912 118.929657 
125.121109 134.491730 118.904694 
125.147369 134.822327 119.027054 
125.248505 134.944336 119.148918 
125.098259 134.989487 119.057045 
125.256271 135.167114 119.245697 
125.398491 135.370667 119.252274 
125.370659 135.591125 119.390511 
125.233109 135.328705 119.269463 
125.174698 135.140503 119.163200 
125.058388 134.830765 119.163773 
125.107704 134.630890 119.107788 
125.156082 134.534454 118.960945 
125.226326 134.574036 119.093254 
125.141235 134.375977 119.179893 
125.217484 134.431625 119.173424 
125.233383 134.450638 119.213654 
125.131561 134.511993 119.061928 
124.792503 134.512665 118.985924 
124.890594 134.489822 118.908798 
124.815941 134.631561 118.878807 
124.910995 134.698181 118.997826 
125.016983 134.895523 119.000229 
124.918114 134.957169 118.962784 
124.987770 134.742432 119.039185 
124.952103 134.531021 118.963661 
124.732231 134.233276 118.747330 
124.612106 134.010117 118.615730 
124.641029 133.867142 118.621719 
124.414345 133.663330 118.435120 
124.369339 133.688080 118.483269 
124.548332 133.894180 118.664879 
124.702827 133.893860 118.800270 
124.579102 134.008545 118.833694 
124.743767 134.076538 118.557800 
124.670914 134.099869 118.630867 
124.576981 134.228928 118.824234 
124.689133 134.398697 118.755623 
124.726074 134.224686 118.826515 
124.712082 134.109879 118.724876 
124.747437 133.833923 118.718239 
124.561150 133.711868 118.703117 
124.612289 133.610825 118.643730 
124.768166 133.568207 118.337067 
124.981339 133.603577 118.133301 
125.056046 133.795731 118.246742 
125.201508 133.917068 118.242241 
125.288628 134.038055 118.089714 
125.480904 134.287521 118.324562 
125.415543 134.362183 118.151520 
125.412987 134.592194 117.990616 
125.591766 134.760162 118.320755 
125.612984 134.584778 118.377174 
125.678703 134.421783 118.487434 
125.592041 134.217987 118.551453 
125.539040 134.063644 118.186996 
125.602997 133.919052 118.198975 
125.620987 133.870911 118.047852 
125.695015 133.834030 118.098953 
125.551521 133.867584 118.209465 
125.706726 134.150009 118.031311 
125.672249 134.048569 118.081825 
125.547348 134.106888 118.108437 
125.618050 134.076584 118.055016 
125.627876 134.238998 118.170891 
125.662598 134.495834 118.319458 
125.717300 134.589569 118.305176 
125.857903 134.425110 118.403938 
125.592422 134.290451 118.338432 
125.650368 134.034256 118.230659 
125.518616 133.660126 118.034767 
125.257446 133.332443 117.892960 
125.363686 133.315186 117.765862 
125.270073 133.243301 117.775246 
125.279099 133.365585 117.687538 
125.417358 133.402512 117.697113 
125.598450 133.655304 117.951706 
125.424103 133.649490 117.910454 
125.390305 133.697571 117.904167 
125.509071 133.871475 117.878914 
125.618950 134.095520 118.089134 
125.457588 134.064728 117.907875 
125.420982 133.793732 118.050934 
125.378807 133.508835 117.767395 
125.155830 133.256378 117.691284 
125.139206 133.127853 117.497780 
125.192566 133.042969 117.428520 
125.231033 132.996246 117.471016 
125.053131 133.113968 117.304420 
125.109009 133.057251 117.475792 
125.128380 133.197296 117.402344 
125.137177 133.222549 117.418259 
